Run LT LTu T_start T_end dT Date_start Date_end dDate driftv driftvu Comment
3905 670.226991447 10.9875209551 1494230862.81 1494234610.7 3747.8900001 2017-05-08-10:07:42 2017-05-08-11:10:10 0-days-01:02:27.890000 0.969305673737 0.000101456846939
3988 323.922277593 11.0973670036 1494938995.64 1494946996.04 8000.39400005 2017-05-16-14:49:55 2017-05-16-17:03:16 0-days-02:13:20.394000 1.00518402757 0.000142875037187 
3998 408.983866303 4.94279066596 1495090771.01 1495092733.9 1962.89199996 2017-05-18-08:59:31 2017-05-18-09:32:13 0-days-00:32:42.892000 0.992116071341 7.25913503397e-05 
4002 531.264148622 4.08290510195 1495100812.95 1495101457.05 644.094000101 2017-05-18-11:46:52 2017-05-18-11:57:37 0-days-00:10:44.094000 0.980740405136 0.000109341230307 
4021 449.539072649 7.42967165419 1495130594.48 1495134249.49 3655.01699996 2017-05-18-20:03:14 2017-05-18-21:04:09 0-days-01:00:55.017000 0.966451395098 3.44216113668e-05 
4029 565.927322465 4.38174021712 1495221271.55 1495224466.02 3194.47799993 2017-05-19-21:14:31 2017-05-19-22:07:46 0-days-00:53:14.478000 0.965482763349 3.22595538602e-05 
4035 532.148401173 5.88603815833 1495275426.86 1495278734.34 3307.47600007 2017-05-20-12:17:06 2017-05-20-13:12:14 0-days-00:55:07.476000 0.965838790599 3.36757905855e-05 
4050 563.68977499 14.5272007121 1495317309.81 1495320181.94 2872.13000011 2017-05-20-23:55:09 2017-05-21-00:43:01 0-days-00:47:52.130000 0.966097659465 3.89209931306e-05 
4051 597.995570855 8.86526369133 1495362000.42 1495365340.42 3340.0059998 2017-05-21-12:20:00 2017-05-21-13:15:40 0-days-00:55:40.006000 0.966128383312 4.03323449393e-05 
4052 552.352719954 11.8924630587 1495392813.33 1495396067.83 3254.50099993 2017-05-21-20:53:33 2017-05-21-21:47:47 0-days-00:54:14.501000 0.966522923814 3.59200510365e-05 
4054 622.132585657 16.3992496439 1495443303.83 1495444615.75 1311.92799997 2017-05-22-10:55:03 2017-05-22-11:16:55 0-days-00:21:51.928000 0.966475640611 5.50064560007e-05 
4055 679.281416168 4.5712189848 1495476276.43 1495484247.36 7970.93000007 2017-05-22-20:04:36 2017-05-22-22:17:27 0-days-02:12:50.930000 0.961284901435 8.46240761079e-05 
4059 691.997972006 16.60795261 1495529671.01 1495530315.98 644.967000008 2017-05-23-10:54:31 2017-05-23-11:05:15 0-days-00:10:44.967000 0.960206383812 5.68472641682e-05 
4062 693.124435841 5.96358286156 1495549466.68 1495553980.71 4514.0389998 2017-05-23-16:24:26 2017-05-23-17:39:40 0-days-01:15:14.039000 0.960253312505 5.73025605767e-05 
4074 641.016690306 4.61231624928 1495607923.82 1495611813.26 3889.44000006 2017-05-24-08:38:43 2017-05-24-09:43:33 0-days-01:04:49.440000 0.959810905911 5.25648026277e-05 
4096 689.473110554 2.10331343486 1495652171.17 1495663960.01 11788.839 2017-05-24-20:56:11 2017-05-25-00:12:40 0-days-03:16:28.839000 0.96019125395 4.59766268958e-05 
4098 700.973370454 5.79343957569 1495694816.07 1495698447.13 3631.06200004 2017-05-25-08:46:56 2017-05-25-09:47:27 0-days-01:00:31.062000 0.960028949009 3.32503950882e-05 
4104 727.178337627 8.98987248931 1495742337.39 1495746784.8 4447.40100002 2017-05-25-21:58:57 2017-05-25-23:13:04 0-days-01:14:07.401000 0.96016825462 4.79510966976e-05 
4106 667.056332899 4.63943599248 1495782034.32 1495787169.67 5135.3440001 2017-05-26-09:00:34 2017-05-26-10:26:09 0-days-01:25:35.344000 0.960214170167 4.65290837321e-05 
4109 701.803284612 4.97131328253 1495795299.1 1495803230.55 7931.44300008 2017-05-26-12:41:39 2017-05-26-14:53:50 0-days-02:12:11.443000 0.960182117851 2.94172117408e-05 
4112 716.239200651 5.76135253708 1495827626.52 1495834890.24 7263.71300006 2017-05-26-21:40:26 2017-05-26-23:41:30 0-days-02:01:03.713000 0.960067446856 3.17139358133e-05 
4116 756.534543622 5.23152857184 1495872983.69 1495879056.97 6073.27699995 2017-05-27-10:16:23 2017-05-27-11:57:36 0-days-01:41:13.277000 0.959996176282 4.8214036331e-05 
4117 723.068753071 9.29370382236 1495890682.66 1495891867.59 1184.93299985 2017-05-27-15:11:22 2017-05-27-15:31:07 0-days-00:19:44.933000 0.960000107908 9.586055652e-05 
4118 743.120136269 4.91595630508 1495894436.45 1495902419.57 7983.11800003 2017-05-27-16:13:56 2017-05-27-18:26:59 0-days-02:13:03.118000 0.960398725279 3.62075746461e-05 
4120 732.31767702 6.75006454642 1495918761.72 1495923533.03 4771.30999994 2017-05-27-22:59:21 2017-05-28-00:18:53 0-days-01:19:31.310000 1.04009676847 0.00548371616893 
4122 774.36880198 6.03957791096 1495959939.58 1495966627.4 6687.82099986 2017-05-28-10:25:39 2017-05-28-12:17:07 0-days-01:51:27.821000 0.960287734599 3.76134293657e-05 
4125 759.559039189 12.3381282739 1496007248.41 1496010241.55 2993.13899994 2017-05-28-23:34:08 2017-05-29-00:24:01 0-days-00:49:53.139000 0.960369936894 4.77737693321e-05 
4141 796.113731948 6.84576901635 1496044334.74 1496049156.53 4821.78400016 2017-05-29-09:52:14 2017-05-29-11:12:36 0-days-01:20:21.784000 0.96013765791 3.00931122991e-05 
4155 787.887329225 6.36962087158 1496088281.96 1496093591.98 5310.01899981 2017-05-29-22:04:41 2017-05-29-23:33:11 0-days-01:28:30.019000 0.968311137766 4.11279556114e-05 
4161 834.912571439 10.830391647 1496133034.26 1496136846.77 3812.50300002 2017-05-30-10:30:34 2017-05-30-11:34:06 0-days-01:03:32.503000 0.968391080464 3.89547239054e-05 
4169 822.512220149 5.98607805009 1496173876.15 1496180127.5 6251.34899998 2017-05-30-21:51:16 2017-05-30-23:35:27 0-days-01:44:11.349000 0.968314820405 3.17032646437e-05 
4173 826.128831636 6.07666896156 1496218109.87 1496224245.79 6135.91199994 2017-05-31-10:08:29 2017-05-31-11:50:45 0-days-01:42:15.912000 0.96837902519 2.81143610315e-05 
4187 827.039153113 5.77376221052 1496260563.6 1496264847.58 4283.97300005 2017-05-31-21:56:03 2017-05-31-23:07:27 0-days-01:11:23.973000 0.968357372999 3.31498046253e-05 
4192 850.904297761 6.80978401326 1496309650.66 1496316103.56 6452.90099978 2017-06-01-11:34:10 2017-06-01-13:21:43 0-days-01:47:32.901000 0.968356605896 2.68789662975e-05 
4198 872.675899224 9.5386936078 1496405028.37 1496410742.54 5714.171 2017-06-02-14:03:48 2017-06-02-15:39:02 0-days-01:35:14.171000 0.968481561641 2.87750558748e-05 
4201 865.239776366 15.6977875982 1496441353.88 1496444488.23 3134.34500003 2017-06-03-00:09:13 2017-06-03-01:01:28 0-days-00:52:14.345000 0.968877978919 4.43841040141e-05 
4205 878.657998088 16.0327864809 1496483835.82 1496486712.12 2876.29700017 2017-06-03-11:57:15 2017-06-03-12:45:12 0-days-00:47:56.297000 0.96838972229 3.77479375927e-05 
4208 892.007489698 6.58841945957 1496520744.34 1496529070.37 8326.02499986 2017-06-03-22:12:24 2017-06-04-00:31:10 0-days-02:18:46.025000 0.968484400865 3.05450676516e-05 
4211 891.886400562 9.38815086135 1496563649.18 1496568130.71 4481.52799988 2017-06-04-10:07:29 2017-06-04-11:22:10 0-days-01:14:41.528000 0.968484966657 3.82201582504e-05 
4232 896.086919261 7.64300523936 1496605107.41 1496611914.09 6806.67000008 2017-06-04-21:38:27 2017-06-04-23:31:54 0-days-01:53:26.670000 0.968402765272 2.28324191636e-05 
4234 904.818870296 10.6281764237 1496651568.99 1496656426.36 4857.36199999 2017-06-05-10:32:48 2017-06-05-11:53:46 0-days-01:20:57.362000 0.968470425762 2.66134831674e-05 
4262 911.846369969 7.77865892004 1496751242.06 1496756952.83 5710.76800013 2017-06-06-14:14:02 2017-06-06-15:49:12 0-days-01:35:10.768000 0.968432975506 3.30201417539e-05 
4266 929.372573415 9.71950398517 1496828983.36 1496832908.95 3925.58500004 2017-06-07-11:49:43 2017-06-07-12:55:08 0-days-01:05:25.585000 0.968439235828 3.52075775283e-05 
4269 959.547723292 9.74395151918 1496914587.38 1496919558.08 4970.69499993 2017-06-08-11:36:27 2017-06-08-12:59:18 0-days-01:22:50.695000 0.968464867362 3.86964316517e-05 
4272 912.854959069 6.02191649739 1496999851.91 1497004362.74 4510.82800007 2017-06-09-11:17:31 2017-06-09-12:32:42 0-days-01:15:10.828000 0.96844648267 3.73492417207e-05 
4283 922.320342369 11.6045294025 1497086316.47 1497090093.85 3777.37299991 2017-06-10-11:18:36 2017-06-10-12:21:33 0-days-01:02:57.373000 0.968543302255 3.37133107616e-05 
4309 965.262498955 12.4883143781 1497182300.38 1497186466.6 4166.22099996 2017-06-11-13:58:20 2017-06-11-15:07:46 0-days-01:09:26.221000 0.968561695601 2.70289375523e-05 
4314 981.279054012 31.1585244419 1497276543.28 1497280254.1 3710.81999993 2017-06-12-16:09:03 2017-06-12-17:10:54 0-days-01:01:50.820000 0.968726843044 3.79425929049e-05 
4332 979.722486978 22.4674793562 1497367182.75 1497370846.24 3663.48900008 2017-06-13-17:19:42 2017-06-13-18:20:46 0-days-01:01:03.489000 0.968642345077 2.13998092039e-05 
4344 977.542906309 27.8012021763 1497519199.19 1497522832.96 3633.77600002 2017-06-15-11:33:19 2017-06-15-12:33:52 0-days-01:00:33.776000 0.968684900013 3.17877933717e-05 
4347 1017.45274179 18.8518420172 1497802979.36 1497806317.55 3338.19400001 2017-06-18-18:22:59 2017-06-18-19:18:37 0-days-00:55:38.194000 0.968713033504 3.25140730647e-05 
4356 1010.95325241 14.8858323486 1498061624.47 1498065241.76 3617.29299998 2017-06-21-18:13:44 2017-06-21-19:14:01 0-days-01:00:17.293000 0.968721027689 4.14178681166e-05 
4363 1076.7744218 14.3322841282 1498301003.21 1498303913.96 2910.74600005 2017-06-24-12:43:23 2017-06-24-13:31:53 0-days-00:48:30.746000 0.968913597252 3.90902006119e-05 
4408 1075.7598629 36.0278485336 1498659458.6 1498663106.21 3647.60800004 2017-06-28-16:17:38 2017-06-28-17:18:26 0-days-01:00:47.608000 0.968823181213 3.53257332566e-05 
4444 1166.0772072 20.2761027103 1498851039.86 1498852372.2 1332.33899999 2017-06-30-21:30:39 2017-06-30-21:52:52 0-days-00:22:12.339000 0.968657298699 8.30133734282e-05 
4445 1155.42718341 37.8509715593 1498853026.85 1498854346.73 1319.88399982 2017-06-30-22:03:46 2017-06-30-22:25:46 0-days-00:21:59.884000 0.968770162504 4.44947109876e-05 
4465 1372.16230196 52.0476527316 1499862371.96 1499863690.31 1318.34899998 2017-07-12-14:26:11 2017-07-12-14:48:10 0-days-00:21:58.349000 0.968984471382 4.68563028969e-05 
4477 1251.30655831 18.3238311128 1499878231.4 1499881721.2 3489.7980001 2017-07-12-18:50:31 2017-07-12-19:48:41 0-days-00:58:09.798000 0.968920442394 4.19638985104e-05 
4479 1242.40882523 12.8441506373 1499886363.68 1499894017.85 7654.16499996 2017-07-12-21:06:03 2017-07-12-23:13:37 0-days-02:07:34.165000 0.968906681182 2.83074744741e-05 
4485 1086.20919678 16.9837768778 1500046704.38 1500050408.91 3704.52399993 2017-07-14-17:38:24 2017-07-14-18:40:08 0-days-01:01:44.524000 0.969398088865 3.33368774638e-05 
4490 1148.29763649 16.6789588297 1500126336.37 1500130039.96 3703.58599997 2017-07-15-15:45:36 2017-07-15-16:47:19 0-days-01:01:43.586000 0.967809008695 3.56458569852e-05 
4492 1097.84543232 25.5327046914 1500229136.26 1500231470.44 2334.18099999 2017-07-16-20:18:56 2017-07-16-20:57:50 0-days-00:38:54.181000 0.967862756003 4.09138719228e-05 
4516 1095.22218785 9.09934880452 1500304033.84 1500328846.06 24812.2149999 2017-07-17-17:07:13 2017-07-18-00:00:46 0-days-06:53:32.215000 0.967884714833 2.49087586921e-05 
4517 1106.54889239 6.73061492884 1500329811.5 1500368710.7 38899.2 2017-07-18-00:16:51 2017-07-18-11:05:10 0-days-10:48:19.200000 0.967948855811 2.75458689302e-05 
4521 1111.46180816 18.6010925126 1500483542.71 1500487605.14 4062.43400002 2017-07-19-18:59:02 2017-07-19-20:06:45 0-days-01:07:42.434000 0.967822990016 3.84970454367e-05 
4523 1125.84413585 22.5407940237 1500569846.94 1500573717.01 3870.07099986 2017-07-20-18:57:26 2017-07-20-20:01:57 0-days-01:04:30.071000 0.967997724666 4.11433387888e-05 
4524 1150.81885816 33.8078169307 1500573817.75 1500578684.34 4866.59100008 2017-07-20-20:03:37 2017-07-20-21:24:44 0-days-01:21:06.591000 0.967876038299 3.96603090741e-05 
4528 1146.02294222 22.755668079 1500648251.68 1500653754.94 5503.25500011 2017-07-21-16:44:11 2017-07-21-18:15:54 0-days-01:31:43.255000 0.967950659417 3.51680612015e-05 
4530 1180.52045816 24.0468605997 1500745404.92 1500751086.64 5681.72000003 2017-07-22-19:43:24 2017-07-22-21:18:06 0-days-01:34:41.720000 0.967849247099 3.21337581709e-05 
4532 1152.5384175 20.740906174 1500833058.48 1500839397.64 6339.16400003 2017-07-23-20:04:18 2017-07-23-21:49:57 0-days-01:45:39.164000 0.967930134332 3.54891029251e-05 
4535 1203.77866118 32.7839844927 1500921994.17 1500929015.58 7021.41299987 2017-07-24-20:46:34 2017-07-24-22:43:35 0-days-01:57:01.413000 0.967768432873 3.72407441458e-05 
4542 1199.50916058 11.0122295161 1500997054.2 1501004792.42 7738.2249999 2017-07-25-17:37:34 2017-07-25-19:46:32 0-days-02:08:58.225000 0.967745143735 3.47375476755e-05 
4548 1197.00145882 16.6474177926 1501076128.21 1501084519.13 8390.9230001 2017-07-26-08:35:28 2017-07-26-10:55:19 0-days-02:19:50.923000 0.967726132197 3.86169276995e-05 
4550 1211.32619858 23.8653746729 1501162008.61 1501171074.31 9065.69400001 2017-07-27-08:26:48 2017-07-27-10:57:54 0-days-02:31:05.694000 0.967679074725 3.56332067952e-05 
4552 1273.65003415 36.2584426388 1501247430.06 1501257623.11 10193.0469999 2017-07-28-08:10:30 2017-07-28-11:00:23 0-days-02:49:53.047000 0.967747575121 4.30045809477e-05 
4554 1269.55206048 36.3865335235 1501334167.88 1501345200.84 11032.9620001 2017-07-29-08:16:07 2017-07-29-11:20:00 0-days-03:03:52.962000 0.967701562322 3.24399186058e-05 
4566 1260.13831701 26.3326330867 1501423161.12 1501434942.58 11781.4650002 2017-07-30-08:59:21 2017-07-30-12:15:42 0-days-03:16:21.465000 0.967706021242 4.36743704406e-05 
4573 1333.18672913 32.1496245903 1501674769.86 1501685652.34 10882.48 2017-08-02-06:52:49 2017-08-02-09:54:12 0-days-03:01:22.480000 0.967581242621 6.45920352755e-05 
4578 1308.55477144 18.7923264219 1502086964.34 1502105215.61 18251.2720001 2017-08-07-01:22:44 2017-08-07-06:26:55 0-days-05:04:11.272000 0.967571332902 7.66801423248e-05 
